0.22101679149442732
0.733569451611269
0.47252972095091006
0.30926744565802333
0.8728271552045759
0.1539144001175523
0.6993500829098418
0.5050919029501235
0.9531793819827068
0.6484113419865468
0.33417830569711404
0.21713488738833642
0.947252810174408
0.1398005677921973
0.9090026700186746
0.8474939735998481
0.3810187251119823
0.7125960866711072
0.45585148091683325
0.5747670486535021
0.9956751854847211
0.4193565998772033
0.6564728722442037
0.18824552812047934
0.3098658500556072
0.5313278283813748
0.24132500516695232
0.3345725134804257
0.40137838951620464
0.7021141901743925
0.6126389697930511
0.9174972937256419
0.6902131881186923
0.7835467677013839
0.5696361913898373
0.7399898924404391
0.611358860391425
0.7096711153347571
0.5735532522654475
0.7328623571522035
0.32830573728460555
0.9477868884036997
0.2059469807234554
0.2751767184291012
0.057274342394890265
0.5047291448564387
0.3458227706638338
0.17910129840315248
0.14733074730784546
0.3720887910607166
0.11945021386117805
0.8855113007366611
0.7930066368365447
0.5958272976704879
0.8612991373603117
0.2965110617112988
0.14373635212233804
0.8637491406525856
0.16535083896382596
0.4571889769915347
0.6183693308507735
0.6185525042262702
0.6031086678533126
0.9912987816513739
0.4332111893849111
0.22468755214990543
0.8379527855728456
0.7941935804356668
0.7084919348657045
0.6440082913010337
0.6750541767703065
0.991221547634821
0.03085575429796017
0.4082126656465862
0.05188337018704525
0.5809259420937408
0.018411267156436484
0.41532327277402326
0.09641953568240258
0.4997736301886605
0.2600769985398367
0.22296818286695486
0.1584859555012007
0.06877020804220524
0.9824020154058813
0.06298027965649444
0.15420831263824297
0.9122022193079427
0.9347371524149735
0.759840370753355
0.6544123042858625
0.47487935175582263
0.2775769188060776
0.09974757734188267
0.8948477276429146
0.2066332355360765
0.7090884375144688
0.9676083776530133
0.28944602790951135
0.3314613546417068
0.6712883888649547
0.7459933535447708
0.08738929614334245
0.8735880330945514
0.24002441703114652
0.05311829411572133
0.5305881607004602
0.27384696535197617
0.22186277986120584
0.8861648280353636
0.24023719358021267
0.4971725929692391
0.05617967337155472
0.6317624751844564
0.5894361185886168
0.005620548237890932
0.35219816598735254
0.20721311548404597
0.5034357056173109
0.3512202264404716
0.27840886568272505
0.8040453467631354
0.4698875426110849
0.4290950879987967
0.5657572906090751
0.31974518507215466
0.5385471174832869
0.623669349711179
0.5861762534391276
0.5840167137547257
0.7431999504455896
0.17941271932770875
0.8244868501546952
0.9126840407329582
0.6881510270571218
0.1324570297453158
0.074387357105832
0.3553542619404817
0.007437629500481102
0.05055204977253658
0.8581940702577311
0.2422184880307171
0.02699663629798643
0.6462102866539557
0.8951936706599559
0.28087590621508507
0.23833700019910475
0.051523383844462645
0.9249123401634366
0.5058237531028527
0.12683902800250602
0.17301569627909041
0.8293016126986738
0.8412638336106485
0.4886217712285843
0.0810331985488596
0.7917866171530866
0.9021340738039317
0.6169908558302515
0.8305489728387061
0.18131744302915065
0.9287811544946813
0.6427988248181625
0.45889914973361623
0.9560101956335675
0.42744867003753184
0.8726205067345364
0.16084579798949383
0.6436587130704856
0.17176231747098303
0.18446656359907954
0.8024968327703847
0.37534412634073755
0.7096521612606286
0.4128281860910824
0.00299467465051384
0.023564207931028536
0.4156590134818451
0.18316659005590574
0.986519420501426
0.22775009799315715
0.43033090520179285
0.8405310815191783
0.2870338244528089
0.977732970842894
0.5364221360446638
0.9578100254382179
0.1743316925402114
0.4696686852428411
0.13586630342610095
0.4061888098187362
0.36233251227751895
0.1491241666513622
0.012001768990501871
0.12370998734304695
0.15919939259394078
0.2124735740939565
0.48828640622701214
0.5274004445789029
0.7237388987038743
0.3504488742298909
0.9277458058906034
0.9802510485492442
0.5036754800502004
0.18663357177857298
0.25665718285308303
0.8464044704426599
0.24877488578600915
0.6888847673063031
0.341479016076211
0.4462273080729081
0.21542427955114496
0.813113049513289
0.5997943499655178
0.657512685911588
0.30915985581429584
0.7765455409806759
0.1840432135917509
0.9998801130918532
0.9477648042247852
0.6515428709950022
0.4410775639186789
0.7865095273351006
0.3699441186574284
0.42123567834204656
0.12108045574544424
0.330666727432135
0.9632147703868257
0.24469206017887601
0.9861476983962034
0.2540479477270309
0.9395335128555422
0.44202224310110905
0.0518398903445082
0.6597912758372587
0.34831616960070144
0.6287724325601236
0.6842686628175619
0.30507318149284357
0.9838864156448506
0.5041548812418807
0.17079000691565194
0.9365289542392798
0.21802383395287261
0.029106719174143536
0.18413519085286267
0.6363054169516512
0.16816425690679804
0.11786509921132526
0.7678169929544149
0.36737530463900137
0.8979383894222457
0.5106918785454065
0.08490751056835155
0.9038130281112684
0.5391170380913717
0.1955762028155884
0.19279113676857018
0.9850510307244154
0.3226645638142063
0.603188520680398
0.5332544074967996
0.8427073056240973
0.5114847946453778
0.8120552251121506
0.6602819407062375
0.21439429439562496
0.13857623668754815
0.16986802657630817
0.967185823123228
0.5809898689955022
0.27169662965519314
0.062037892190428545
0.8202034020461866
0.6421714238108106
0.24926951811975118
0.04004827989019344
0.5574562095075148
0.9795844375799443
0.9621481603772526
0.1598580519876781
0.27017083314613555
0.4478372206128365
0.791985161782506
0.17454952718507488
0.1473199837000142
0.08058367304995673
0.2593389830140408
0.17561268208795255
0.43535025344343026
0.20227637064576642
0.7832811893910042
0.38370143985989047
0.7414203101223104
0.995742778323812
0.20915110916755653
0.05239384949690784
0.4915817770579717
0.9915569744575331
0.922237560990116
0.8674327079152521
0.8445922788977551
0.8172508562096058
0.4325499122727934
0.799118835197756
0.2575581403504885
0.07272751563351265
0.2894736563822631
0.09697446962992273
0.20136219259165067
0.3828113476731577
0.064988559794948
0.00348953571083499
0.23183966652615084
0.5186886036322154
0.9302600221805004
0.8077086763319656
0.7369234556510206
0.9770628584612606
0.04279740243767205
0.05961267483706567
0.2004868786918469
0.5591706229033306
0.5600056489805127
0.12269273359238375
0.7503712334892465
0.30137144811851724
0.5998394228059514
0.7548117217409236
0.0910920659077008
0.5748486622122372
0.8804019276612366
0.07639170428971764
0.6609763829560943
0.2940259061961331
0.08771307320989608
0.11016219011422901
0.9989910955975383
0.9516257888959946
0.24450470577000483
0.05814933291703195
0.8582801729378953
0.6328669779321973
0.48278367210824913
0.6192810730153521
0.5614364415827529
0.25211610903014925
0.6590353918362487
0.9449288860071157
0.4567912132498201
0.002381982245430403
0.19332477083428823
0.2799020806745546
0.10551316068853367
0.4113587303854378
0.36218274463649414
0.9428555076315825
0.00606556667262681
0.45729605999341694
0.030050548344213612
0.06276777113619314
0.24557858602123128
0.9137940766043005
0.46518625800177904
0.40709094328866424
0.45695148464756186
0.46469117496233303
0.45332057857547503
0.7123697716419272
0.8560072537989863
0.1585333938048038
0.3959826664315246
0.15957204056274044
0.9347798532405065
0.4566841129897682
0.4602982442219682
0.024068411593655137
0.5950223459244582
0.4699532184168548
0.13319651935788823
0.07414436415813563
0.12028176753730357
0.9756951306788756
0.7253439403478747
0.9921230022532251
0.40539462128939374
0.46064569961236634
0.46875644618217793
0.9486219984141022
0.2890143732354221
0.7443377913002903
0.8569245279115938
0.4731640318635798
0.6677905277818074
0.7037560906488403
0.7874179481686484
0.9333048227494536
0.31007629673634685
0.24196190011037322
0.8843200092581844
0.25963842939199466
0.9325501923140309
0.9217387867757693
0.10147430206435482
0.035484742925700474
0.1548938248555929
0.6198804715629911
0.3374089080035084
0.7077593816469062
0.40567715220575673
0.14856293345067773
0.3289368064111565
0.46947170909173785
0.716859118201827
0.037311932838232864
0.5328134371272022
0.3144915812975092
0.6148204134816242
0.5723992134822018
0.05346518800874567
0.8716711897634498
0.9926018503099974
0.7500689953541734
0.9296858706424426
0.8881035321086482
0.9310308111761828
0.015818576076709556
0.25433015200343145
0.6502440742623127
0.9256752064026638
0.5340253465310211
0.668417180307891
0.20681799008585988
0.8720722646563616
0.26053462816456907
0.7446885428842689
0.988880307687913
0.46343792443707243
0.2753914072092445
0.6555494198050096
0.3100916676541925
0.36306952307466744
0.6737206670494025
0.30645306260835947
0.2742177152361992
0.6279130813441709
0.8098304336508849
0.8081727613839388
0.8170557191499124
0.380273657064917
0.8429325904686954
0.760037214302587
0.9664368207494856
0.6514055231839428
0.3424462020750706
0.32108889836912846
0.91664808259466
0.6537264820117888
0.17666916229800034
0.45725723149910413
0.18256354099311978
0.4776585303645505
0.030673487601711846
0.07002159186804402
0.9239689501620069
0.3546049678403277
0.6776005943156208
0.9356717433082168
0.5120102401698672
0.17933150489095506
0.5621027022142653
0.5141560080189119
0.5473905987681672
0.9430273645490691
0.34549700421640106
0.7226408833319182
0.8338871975302765
0.0925795911654671
0.8092697918568365
0.7112877358795364
0.260952979856686
0.6021018078602729
0.9168875389281542
0.5273857938873973
0.15561508434879034
0.7195166820297741
0.8934427349247662
0.30886309504024756
0.4265760539396989
0.9339988436382921
0.8984821033989663
0.3093298533641621
0.7423699890338031
0.6993428780330858
0.2394358838250038
0.6241917199205618
0.06062038072429232
0.8438292240454304
0.10138617843510167
0.9610029582637116
